14. 3. 11 오전 2:11
프로젝트 통계

      	  부분	   단어	문자 (공백 없이)	문자 (공백 포함)	
총:    	4513	38437	    222809	    255004	
남은:   	4512	38435	    222794	    254987	
고유:   	2891	31455	    181028	    207506	
남은 고유:	2890	31453	    181013	    207489	


개별 파일 통계:

파일 이름                              	총 부분	나머지 부분	고유 부분	남은 고유 부분	총 단어	남은 단어	고유 단어	나머지 고유 단어	총 문자 (공백 없이)	나머지 문자 (공백 없이)	고유 문자 (공백 없이)	나머지 고유 문자 (공백 없이)	총 문자 (공백 포함)	나머지 문자 (공백 포함)	고유 문자 (공백 포함)	나머지 고유 문자 (공백 포함)	
addons.md                          	   4	     4	    4	       4	  34	   34	   34	       34	         253	           253	          253	              253	         273	           273	          273	              273	
browser-extensions.md              	  10	     9	   10	       9	 164	  162	  164	      162	        1139	          1124	         1139	             1124	        1264	          1247	         1264	             1247	
build-configuration.md             	 343	   343	  311	     311	2915	 2915	 2859	     2859	       16047	         16047	        15676	            15676	       18561	         18561	        18166	            18166	
build-feeds.md                     	  14	    14	   14	      14	 187	  187	  187	      187	        1081	          1081	         1081	             1081	        1216	          1216	         1216	             1216	
caching.md                         	 104	   104	   92	      92	1074	 1074	 1045	     1045	        6319	          6319	         6117	             6117	        7220	          7220	         7003	             7003	
cc-menu.md                         	  24	    24	   20	      20	 306	  306	  301	      301	        1907	          1907	         1861	             1861	        2122	          2122	         2076	             2076	
ci-environment.md                  	 203	   203	  201	     201	1561	 1561	 1555	     1555	        9227	          9227	         9182	             9182	       10496	         10496	        10445	            10445	
code-climate.md                    	  29	    29	   29	      29	 356	  356	  356	      356	        2176	          2176	         2176	             2176	        2456	          2456	         2456	             2456	
common-build-problems.md           	  38	    38	   32	      32	 285	  285	  276	      276	        1720	          1720	         1674	             1674	        1956	          1956	         1909	             1909	
coverity-scan.md                   	 109	   109	   89	      89	1038	 1038	 1008	     1008	        5941	          5941	         5813	             5813	        6853	          6853	         6709	             6709	
customizing-the-build.md           	  55	    55	   54	      54	 732	  732	  728	      728	        3772	          3772	         3751	             3751	        4450	          4450	         4425	             4425	
database-setup.md                  	 209	   209	  152	     152	1543	 1543	 1353	     1353	        9080	          9080	         7968	             7968	       10430	         10430	         9179	             9179	
deployment/appfog.md               	  94	    94	   58	      58	 566	  566	  520	      520	        3303	          3303	         2911	             2911	        3796	          3796	         3380	             3380	
deployment/cloudcontrol.md         	  65	    65	   19	      19	 439	  439	  248	      248	        2660	          2660	         1511	             1511	        3047	          3047	         1739	             1739	
deployment/cloudfiles.md           	 130	   130	   41	      41	 728	  728	  450	      450	        4438	          4438	         2440	             2440	        5049	          5049	         2862	             2862	
deployment/custom.md               	  19	    19	   16	      16	 145	  145	  142	      142	         991	           991	          966	              966	        1102	          1102	         1077	             1077	
deployment/divshot.md              	  65	    65	   20	      20	 518	  518	  288	      288	        2862	          2862	         1593	             1593	        3329	          3329	         1872	             1872	
deployment/engineyard.md           	  72	    72	   20	      20	 498	  498	  165	      165	        2920	          2920	         1072	             1072	        3359	          3359	         1209	             1209	
deployment/heroku.md               	 129	   129	   36	      36	 909	  909	  410	      410	        5230	          5230	         2374	             2374	        6005	          6005	         2714	             2714	
deployment/modulus.md              	  64	    64	   14	      14	 417	  417	  166	      166	        2365	          2365	          923	              923	        2736	          2736	         1082	             1082	
deployment/nodejitsu.md            	  65	    65	   10	      10	 426	  426	   78	       78	        2397	          2397	          473	              473	        2781	          2781	          544	              544	
deployment/npm.md                  	  72	    72	   16	      16	 492	  492	  239	      239	        2541	          2541	         1202	             1202	        2978	          2978	         1428	             1428	
deployment/openshift.md            	  89	    89	   13	      13	 623	  623	  160	      160	        3585	          3585	          967	              967	        4130	          4130	         1100	             1100	
deployment/opsworks.md             	  84	    84	   20	      20	 564	  564	  177	      177	        3443	          3443	         1073	             1073	        3928	          3928	         1220	             1220	
deployment/pypi.md                 	  93	    93	   24	      24	 575	  575	  266	      266	        3173	          3173	         1504	             1504	        3677	          3677	         1751	             1751	
deployment/rubygems.md             	 109	   109	   32	      32	 792	  792	  361	      361	        4353	          4353	         1982	             1982	        5041	          5041	         2291	             2291	
deployment/s3.md                   	 129	   129	   25	      25	 775	  775	  172	      172	        4300	          4300	          928	              928	        4960	          4960	         1072	             1072	
deployment.md                      	  21	    21	   16	      16	 222	  222	  209	      209	        1554	          1554	         1446	             1446	        1704	          1704	         1589	             1589	
encryption-keys.md                 	  81	    81	   61	      61	 592	  592	  566	      566	        3422	          3422	         3189	             3189	        3891	          3891	         3650	             3650	
firefox.md                         	   8	     8	    7	       7	 107	  107	  106	      106	         561	           561	          554	              554	         652	           652	          645	              645	
getting-started.md                 	 179	   179	  134	     134	1197	 1197	 1142	     1142	        7073	          7073	         6703	             6703	        8050	          8050	         7640	             7640	
github-oauth-scopes.md             	  39	    39	   38	      38	 364	  364	  362	      362	        1821	          1821	         1811	             1811	        2135	          2135	         2124	             2124	
gui-and-headless-browsers.md       	 105	   105	   94	      94	1193	 1193	 1156	     1156	        6859	          6859	         6598	             6598	        7865	          7865	         7582	             7582	
hosts.md                           	   6	     6	    5	       5	  50	   50	   49	       49	         283	           283	          276	              276	         323	           323	          316	              316	
how-to-skip-a-build.md             	  14	    14	   14	      14	 166	  166	  166	      166	         903	           903	          903	              903	        1041	          1041	         1041	             1041	
languages/c.md                     	  40	    40	   35	      35	 350	  350	  341	      341	        1946	          1946	         1895	             1895	        2255	          2255	         2197	             2197	
languages/clojure.md               	  77	    77	   58	      58	 839	  839	  772	      772	        5351	          5351	         4873	             4873	        5978	          5978	         5449	             5449	
languages/cpp.md                   	  42	    42	    8	       8	 366	  366	  113	      113	        2075	          2075	          627	              627	        2393	          2393	          721	              721	
languages/erlang.md                	  38	    38	   26	      26	 275	  275	  238	      238	        1860	          1860	         1586	             1586	        2049	          2049	         1745	             1745	
languages/go.md                    	  47	    47	   30	      30	 379	  379	  267	      267	        2114	          2114	         1409	             1409	        2421	          2421	         1623	             1623	
languages/groovy.md                	  59	    59	   29	      29	 470	  470	  269	      269	        2531	          2531	         1399	             1399	        2943	          2943	         1639	             1639	
languages/haskell.md               	  35	    35	   26	      26	 285	  285	  252	      252	        1793	          1793	         1549	             1549	        2029	          2029	         1759	             1759	
languages/index.md                 	   3	     3	    3	       3	  63	   63	   63	       63	         504	           504	          504	              504	         530	           530	          530	              530	
languages/java.md                  	  65	    65	   19	      19	 602	  602	  361	      361	        3587	          3587	         2199	             2199	        4064	          4064	         2474	             2474	
languages/javascript-with-nodejs.md	  69	    69	   45	      45	 546	  546	  492	      492	        3191	          3191	         2794	             2794	        3648	          3648	         3213	             3213	
languages/objective-c.md           	  55	    55	   44	      44	 504	  504	  481	      481	        2737	          2737	         2606	             2606	        3159	          3159	         3012	             3012	
languages/perl.md                  	  49	    49	   32	      32	 450	  450	  402	      402	        2805	          2805	         2483	             2483	        3152	          3152	         2793	             2793	
languages/php.md                   	 156	   156	  138	     138	1467	 1467	 1411	     1411	        9158	          9158	         8780	             8780	       10307	         10307	         9891	             9891	
languages/python.md                	  97	    97	   57	      57	 776	  776	  662	      662	        4623	          4623	         3926	             3926	        5244	          5244	         4456	             4456	
languages/ruby.md                  	 189	   189	  138	     138	1603	 1603	 1513	     1513	        9144	          9144	         8571	             8571	       10446	         10446	         9811	             9811	
languages/scala.md                 	  45	    45	   31	      31	 487	  487	  427	      427	        3112	          3112	         2700	             2700	        3462	          3462	         3003	             3003	
notifications.md                   	 221	   221	  147	     147	1829	 1829	 1654	     1654	       11312	         11312	         9745	             9745	       12859	         12859	        11201	            11201	
osx-ci-environment.md              	  56	    56	   20	      20	 501	  501	  265	      265	        2788	          2788	         1383	             1383	        3249	          3249	         1623	             1623	
postgresql.md                      	  33	    33	   25	      25	 293	  293	  278	      278	        1753	          1753	         1630	             1630	        2008	          2008	         1878	             1878	
pull-requests.md                   	  33	    33	   32	      32	 610	  610	  609	      609	        3090	          3090	         3083	             3083	        3640	          3640	         3633	             3633	
resources.md                       	   4	     4	    4	       4	 100	  100	  100	      100	         728	           728	          728	              728	         785	           785	          785	              785	
sauce-connect.md                   	  40	    40	   31	      31	 372	  372	  351	      351	        2487	          2487	         2337	             2337	        2762	          2762	         2599	             2599	
speeding-up-the-build.md           	  39	    39	   37	      37	 567	  567	  565	      565	        2988	          2988	         2980	             2980	        3460	          3460	         3452	             3452	
status-images.md                   	  20	    20	   20	      20	 282	  282	  282	      282	        1620	          1620	         1620	             1620	        1843	          1843	         1843	             1843	
travis-lint.md                     	  16	    16	    8	       8	 148	  148	  118	      118	         937	           937	          762	              762	        1060	          1060	          860	              860	
travis-pro.md                      	  92	    92	   88	      88	1352	 1352	 1337	     1337	        6998	          6998	         6891	             6891	        8186	          8186	         8071	             8071	
travis-pro-builds-update.md        	  19	    19	   19	      19	 368	  368	  368	      368	        1878	          1878	         1878	             1878	        2196	          2196	         2196	             2196	
